Normal distribution
 [1] 0.06568467 0.57656939 0.14515074 0.92949558 0.03418102 0.08777604 0.68543899
 [8] 0.90572676 0.87058248 0.32685043


t distribution (df = 2)
 [1] 0.77975715 0.45814089 0.66228072 0.55607111 0.99887189 0.15617251 0.66753997
 [8] 0.21050338 0.49886537 0.00940748


Exponential distribution
 [1] 0.1044017 0.8946099 0.3002067 0.7588565 0.8560065 0.4276818 0.9142603
 [8] 0.4082070 0.4417360 0.4237795


Automated simulation of 1000 replications
Proportion of rejected H0:
[1] 0.052
